사물함번호/사용가능여부(가능1,사용중2,기간만료3),사용중인회원번호,시작날짜,끝나는날짜
001200002220502220502
002200003220502220502
003200004220502220502
004200005220502220502
005200006220502220502
006200007220502220502
007200008220502220502
008200009220502220502
009200010220502220502
010200011220502220502
011200012220502220502
012200013220502220502
013200014220502220502
014200015220502220502
015200016220502220502
016200017220502220502
017200018220502220502
018200019220502220502
019200020220502220502
020200021220502220502
021200002220504220504
022200003220504220504
023200022220503220503
024100000000000000000
025100000000000000000
026200023220503220503
027100000000000000000
028100000000000000000
029100000000000000000
030100000000000000000
031100000000000000000
032100000000000000000
033200024220503220503
034100000000000000000
035200001220504220504
036100000000000000000
037100000000000000000
038200022220503220503
039100000000000000000
040100000000000000000
041100000000000000000
042100000000000000000
043100000000000000000
044100000000000000000
045100000000000000000
046100000000000000000
047100000000000000000
048100000000000000000
049100000000000000000
050100000000000000000
051100000000000000000
052100000000000000000
053100000000000000000
054100000000000000000
055100000000000000000
056100000000000000000
057100000000000000000
058100000000000000000
059100000000000000000
060100000000000000000
061100000000000000000
062100000000000000000
063100000000000000000
064200001220503220503
065100000000000000000
066100000000000000000
067100000000000000000
068100000000000000000
069100000000000000000
070100000000000000000
071100000000000000000
072100000000000000000
073100000000000000000
074100000000000000000
075100000000000000000
076100000000000000000
077100000000000000000
078100000000000000000
079100000000000000000
080100000000000000000
081100000000000000000
082100000000000000000
083100000000000000000
084100000000000000000
085100000000000000000
086100000000000000000
087100000000000000000
088100000000000000000
089100000000000000000
090100000000000000000
091100000000000000000
092100000000000000000
093100000000000000000
094100000000000000000
095100000000000000000
096100000000000000000
097100000000000000000
098100000000000000000
099100000000000000000
100100000000000000000
101100000000000000000
102100000000000000000
103100000000000000000
104100000000000000000
105100000000000000000
106100000000000000000
107100000000000000000
108100000000000000000
109100000000000000000
110100000000000000000
111100000000000000000
112100000000000000000
113100000000000000000
114100000000000000000
115100000000000000000
116100000000000000000
117100000000000000000
118100000000000000000
119100000000000000000
120100000000000000000
121100000000000000000
122100000000000000000
123100000000000000000
124100000000000000000
125100000000000000000
126100000000000000000
127100000000000000000
128100000000000000000
129100000000000000000
130100000000000000000
131100000000000000000
132100000000000000000
133100000000000000000
134100000000000000000
135100000000000000000
136100000000000000000
137100000000000000000
138100000000000000000
139100000000000000000
140100000000000000000
141100000000000000000
142100000000000000000
143100000000000000000
144100000000000000000
145100000000000000000
146100000000000000000
147100000000000000000
148100000000000000000
149100000000000000000
150100000000000000000
151100000000000000000
152100000000000000000
153100000000000000000
154100000000000000000
155100000000000000000
156100000000000000000
157100000000000000000
158100000000000000000
159100000000000000000
160100000000000000000
161100000000000000000
162100000000000000000
163100000000000000000
164100000000000000000
165100000000000000000
166100000000000000000
167100000000000000000
168100000000000000000
169100000000000000000
170100000000000000000
171100000000000000000
172100000000000000000
173100000000000000000
174100000000000000000
175100000000000000000
176100000000000000000
177100000000000000000
178100000000000000000
179100000000000000000
180100000000000000000
181100000000000000000
182100000000000000000
183100000000000000000
184100000000000000000
185100000000000000000
186100000000000000000
187100000000000000000
188100000000000000000
189100000000000000000
190100000000000000000
191100000000000000000
192100000000000000000
193100000000000000000
194100000000000000000
195100000000000000000
196100000000000000000
197100000000000000000
198100000000000000000
199100000000000000000
200100000000000000000
201100000000000000000
202100000000000000000
203100000000000000000
204100000000000000000
205100000000000000000
206100000000000000000
207100000000000000000
208100000000000000000
209100000000000000000
210100000000000000000
211100000000000000000
212100000000000000000
213100000000000000000
214100000000000000000
215100000000000000000
216100000000000000000
217100000000000000000
218100000000000000000
219100000000000000000
220100000000000000000
221100000000000000000
222100000000000000000
223100000000000000000
224100000000000000000
225100000000000000000
226100000000000000000
227100000000000000000
228100000000000000000
229100000000000000000
230100000000000000000
231100000000000000000
232100000000000000000
233100000000000000000
234100000000000000000
235100000000000000000
236100000000000000000
237100000000000000000
238100000000000000000
239100000000000000000
240100000000000000000
241100000000000000000
242100000000000000000
243100000000000000000
244100000000000000000
245100000000000000000
246100000000000000000
247100000000000000000
248100000000000000000
249100000000000000000
250100000000000000000
251100000000000000000
252100000000000000000
253100000000000000000
254100000000000000000
255100000000000000000
256100000000000000000
257100000000000000000
258100000000000000000
259100000000000000000
260100000000000000000
261100000000000000000
262100000000000000000
263100000000000000000
264100000000000000000
265100000000000000000
266100000000000000000
267100000000000000000
268100000000000000000
269100000000000000000
270100000000000000000
271100000000000000000
272100000000000000000
273100000000000000000
274100000000000000000
275100000000000000000
276100000000000000000
277100000000000000000
278100000000000000000
279100000000000000000
280100000000000000000
281100000000000000000
282100000000000000000
283100000000000000000
284100000000000000000
285100000000000000000
286100000000000000000
287100000000000000000
288100000000000000000
289100000000000000000
290100000000000000000
291100000000000000000
292100000000000000000
293100000000000000000
294100000000000000000
295100000000000000000
296100000000000000000
297100000000000000000
298100000000000000000
299100000000000000000
300100000000000000000
301100000000000000000
302100000000000000000
303100000000000000000
304100000000000000000
305100000000000000000
306100000000000000000
307100000000000000000
308100000000000000000
309100000000000000000
310100000000000000000
311100000000000000000
312100000000000000000
313100000000000000000
314100000000000000000
315100000000000000000
316100000000000000000
317100000000000000000
318100000000000000000
319100000000000000000
320100000000000000000
321100000000000000000
322100000000000000000
323100000000000000000
324100000000000000000
325100000000000000000
326100000000000000000
327100000000000000000
328100000000000000000
329100000000000000000
330100000000000000000
331100000000000000000
332100000000000000000
333100000000000000000
334100000000000000000
335100000000000000000
336100000000000000000
337100000000000000000
338100000000000000000
339100000000000000000
340100000000000000000
341100000000000000000
342100000000000000000
343100000000000000000
344100000000000000000
345100000000000000000
346100000000000000000
347100000000000000000
348100000000000000000
349100000000000000000
350100000000000000000
351100000000000000000
352100000000000000000
353100000000000000000
354100000000000000000
355100000000000000000
356100000000000000000
357100000000000000000
358100000000000000000
359100000000000000000
360100000000000000000
361100000000000000000
362100000000000000000
363100000000000000000
364100000000000000000
365100000000000000000
366100000000000000000
367100000000000000000
368100000000000000000
369100000000000000000
370100000000000000000
371100000000000000000
372100000000000000000
373100000000000000000
374100000000000000000
375100000000000000000
376100000000000000000
377100000000000000000
378100000000000000000
379100000000000000000
380100000000000000000
381100000000000000000
382100000000000000000
383100000000000000000
384100000000000000000
385100000000000000000
386100000000000000000
387100000000000000000
388100000000000000000
389100000000000000000
390100000000000000000
391100000000000000000
392100000000000000000
393100000000000000000
394100000000000000000
395100000000000000000
396100000000000000000
397100000000000000000
398100000000000000000
399100000000000000000
400100000000000000000
401100000000000000000
402100000000000000000
403100000000000000000
404100000000000000000
405100000000000000000
406100000000000000000
407100000000000000000
408100000000000000000
409100000000000000000
410100000000000000000
411100000000000000000
412100000000000000000
413100000000000000000
414100000000000000000
415100000000000000000
416100000000000000000
417100000000000000000
418100000000000000000
419100000000000000000
420100000000000000000
421100000000000000000
422100000000000000000
423100000000000000000
424100000000000000000
425100000000000000000
426100000000000000000
427100000000000000000
428100000000000000000
429100000000000000000
430100000000000000000
431100000000000000000
432100000000000000000
433100000000000000000
434100000000000000000
435100000000000000000
436100000000000000000
437100000000000000000
438100000000000000000
439100000000000000000
440100000000000000000
441100000000000000000
442100000000000000000
443100000000000000000
444100000000000000000
445100000000000000000
446100000000000000000
447100000000000000000
448100000000000000000
449100000000000000000
450100000000000000000
451100000000000000000
452100000000000000000
453100000000000000000
454100000000000000000
455100000000000000000
456100000000000000000
457100000000000000000
458100000000000000000
459100000000000000000
460100000000000000000
461100000000000000000
462100000000000000000
463100000000000000000
464100000000000000000
465100000000000000000
466100000000000000000
467100000000000000000
468100000000000000000
469100000000000000000
470100000000000000000
471100000000000000000
472100000000000000000
473100000000000000000
474100000000000000000
475100000000000000000
476100000000000000000
477100000000000000000
478100000000000000000
479100000000000000000
480100000000000000000
481100000000000000000
482100000000000000000
483100000000000000000
484100000000000000000
485100000000000000000
486100000000000000000
487100000000000000000
488100000000000000000
489100000000000000000
490100000000000000000
491100000000000000000
492100000000000000000
493100000000000000000
494100000000000000000
495100000000000000000
496100000000000000000
497100000000000000000
498100000000000000000
499100000000000000000
500100000000000000000
501100000000000000000
502100000000000000000
503100000000000000000
504100000000000000000
505100000000000000000
506100000000000000000
507100000000000000000
508100000000000000000
509100000000000000000
510100000000000000000
511100000000000000000
512100000000000000000
513100000000000000000
514100000000000000000
515100000000000000000
516100000000000000000
517100000000000000000
518100000000000000000
519100000000000000000
520100000000000000000
521100000000000000000
522100000000000000000
523100000000000000000
524100000000000000000
525100000000000000000
526100000000000000000
527100000000000000000
528100000000000000000
529100000000000000000
530100000000000000000
531100000000000000000
532100000000000000000
533100000000000000000
534100000000000000000
535100000000000000000
536100000000000000000
537100000000000000000
538100000000000000000
539100000000000000000
540100000000000000000
541100000000000000000
542100000000000000000
543100000000000000000
544100000000000000000
545100000000000000000
546100000000000000000
547100000000000000000
548100000000000000000
549100000000000000000
550100000000000000000
551100000000000000000
552100000000000000000
553100000000000000000
554100000000000000000
555100000000000000000
556100000000000000000
557100000000000000000
558100000000000000000
559100000000000000000
560100000000000000000
561100000000000000000
562100000000000000000
563100000000000000000
564100000000000000000
565100000000000000000
566100000000000000000
567100000000000000000
568100000000000000000
569100000000000000000
570100000000000000000
571100000000000000000
572100000000000000000
573100000000000000000
574100000000000000000
575100000000000000000
576100000000000000000
577100000000000000000
578100000000000000000
579100000000000000000
580100000000000000000
581100000000000000000
582100000000000000000
583100000000000000000
584100000000000000000
585100000000000000000
586100000000000000000
587100000000000000000
588100000000000000000
589100000000000000000
590100000000000000000
591100000000000000000
592100000000000000000
593100000000000000000
594100000000000000000
595100000000000000000
596100000000000000000
597100000000000000000
598100000000000000000
599100000000000000000
600100000000000000000
601100000000000000000
602100000000000000000
603100000000000000000
604100000000000000000
605100000000000000000
606100000000000000000
607100000000000000000
608100000000000000000
609100000000000000000
610100000000000000000
611100000000000000000
612100000000000000000
613100000000000000000
614100000000000000000
615100000000000000000
616100000000000000000
617100000000000000000
618100000000000000000
619100000000000000000
620100000000000000000
621100000000000000000
622100000000000000000
623100000000000000000
624100000000000000000
625100000000000000000
626100000000000000000
627100000000000000000
628100000000000000000
629100000000000000000
630100000000000000000
631100000000000000000
632100000000000000000
633100000000000000000
634100000000000000000
635100000000000000000
636100000000000000000
637100000000000000000
638100000000000000000
639100000000000000000
640100000000000000000
641100000000000000000
642100000000000000000
643100000000000000000
644100000000000000000
645100000000000000000
646100000000000000000
647100000000000000000
648100000000000000000
649100000000000000000
650100000000000000000
651100000000000000000
652100000000000000000
653100000000000000000
654100000000000000000
655100000000000000000
656100000000000000000
657100000000000000000
658100000000000000000
659100000000000000000
660100000000000000000
661100000000000000000
662100000000000000000
663100000000000000000
664100000000000000000
665100000000000000000
666100000000000000000
667100000000000000000
668100000000000000000
669100000000000000000
670100000000000000000
671100000000000000000
672100000000000000000
673100000000000000000
674100000000000000000
675100000000000000000
676100000000000000000
677100000000000000000
678100000000000000000
679100000000000000000
680100000000000000000
681100000000000000000
682100000000000000000
683100000000000000000
684100000000000000000
685100000000000000000
686100000000000000000
687100000000000000000
688100000000000000000
689100000000000000000
690100000000000000000
691100000000000000000
692100000000000000000
693100000000000000000
694100000000000000000
695100000000000000000
696100000000000000000
697100000000000000000
698100000000000000000
699100000000000000000
700100000000000000000
701100000000000000000
702100000000000000000
703100000000000000000
704100000000000000000
705100000000000000000
706100000000000000000
707100000000000000000
708100000000000000000
709100000000000000000
710100000000000000000
711100000000000000000
712100000000000000000
713100000000000000000
714100000000000000000
715100000000000000000
716100000000000000000
717100000000000000000
718100000000000000000
719100000000000000000
720100000000000000000
721100000000000000000
722100000000000000000
723100000000000000000
724100000000000000000
725100000000000000000
726100000000000000000
727100000000000000000
728100000000000000000
729100000000000000000
730100000000000000000
731100000000000000000
732100000000000000000
733100000000000000000
734100000000000000000
735100000000000000000
736100000000000000000
737100000000000000000
738100000000000000000
739100000000000000000
740100000000000000000
741100000000000000000
742100000000000000000
743100000000000000000
744100000000000000000
745100000000000000000
746100000000000000000
747100000000000000000
748100000000000000000
749100000000000000000
750100000000000000000
751100000000000000000
752100000000000000000
753100000000000000000
754100000000000000000
755100000000000000000
756100000000000000000
757100000000000000000
758100000000000000000
759100000000000000000
760100000000000000000
761100000000000000000
762100000000000000000
763100000000000000000
764100000000000000000
765100000000000000000
766100000000000000000
767100000000000000000
768100000000000000000
769100000000000000000
770100000000000000000
771100000000000000000
772100000000000000000
773100000000000000000
774100000000000000000
775100000000000000000
776100000000000000000
777100000000000000000
778100000000000000000
779100000000000000000
780100000000000000000
781100000000000000000
782100000000000000000
783100000000000000000
784100000000000000000
785100000000000000000
786100000000000000000
787100000000000000000
788100000000000000000
789100000000000000000
790100000000000000000
791100000000000000000
792100000000000000000
793100000000000000000
794100000000000000000
795100000000000000000
796100000000000000000
797100000000000000000
798100000000000000000
799100000000000000000
800100000000000000000
801100000000000000000
802100000000000000000
803100000000000000000
804100000000000000000
805100000000000000000
806100000000000000000
807100000000000000000
808100000000000000000
809100000000000000000
810100000000000000000
811100000000000000000
812100000000000000000
813100000000000000000
814100000000000000000
815100000000000000000
816100000000000000000
817100000000000000000
818100000000000000000
819100000000000000000
820100000000000000000
821100000000000000000
822100000000000000000
823100000000000000000
824100000000000000000
825100000000000000000
826100000000000000000
827100000000000000000
828100000000000000000
829100000000000000000
830100000000000000000
831100000000000000000
832100000000000000000
833100000000000000000
834100000000000000000
835100000000000000000
836100000000000000000
837100000000000000000
838100000000000000000
839100000000000000000
840100000000000000000
841100000000000000000
842100000000000000000
843100000000000000000
844100000000000000000
845100000000000000000
846100000000000000000
847100000000000000000
848100000000000000000
849100000000000000000
850100000000000000000
851100000000000000000
852100000000000000000
853100000000000000000
854100000000000000000
855100000000000000000
856100000000000000000
857100000000000000000
858100000000000000000
859100000000000000000
860100000000000000000
861100000000000000000
862100000000000000000
863100000000000000000
864100000000000000000
865100000000000000000
866100000000000000000
867100000000000000000
868100000000000000000
869100000000000000000
870100000000000000000
871100000000000000000
872100000000000000000
873100000000000000000
874100000000000000000
875100000000000000000
876100000000000000000
877100000000000000000
878100000000000000000
879100000000000000000
880100000000000000000
881100000000000000000
882100000000000000000
883100000000000000000
884100000000000000000
885100000000000000000
886100000000000000000
887100000000000000000
888100000000000000000
889100000000000000000
890100000000000000000
891100000000000000000
892100000000000000000
893100000000000000000
894100000000000000000
895100000000000000000
896100000000000000000
897100000000000000000
898100000000000000000
899100000000000000000
900100000000000000000
901100000000000000000
902100000000000000000
903100000000000000000
904100000000000000000
905100000000000000000
906100000000000000000
907100000000000000000
908100000000000000000
909100000000000000000
910100000000000000000
911100000000000000000
912100000000000000000
913100000000000000000
914100000000000000000
915100000000000000000
916100000000000000000
917100000000000000000
918100000000000000000
919100000000000000000
920100000000000000000
921100000000000000000
922100000000000000000
923100000000000000000
924100000000000000000
925100000000000000000
926100000000000000000
927100000000000000000
928100000000000000000
929100000000000000000
930100000000000000000
931100000000000000000
932100000000000000000
933100000000000000000
934100000000000000000
935100000000000000000
936100000000000000000
937100000000000000000
938100000000000000000
939100000000000000000
940100000000000000000
941100000000000000000
942100000000000000000
943100000000000000000
944100000000000000000
945100000000000000000
946100000000000000000
947100000000000000000
948100000000000000000
949100000000000000000
950100000000000000000
951100000000000000000
952100000000000000000
953100000000000000000
954100000000000000000
955100000000000000000
956100000000000000000
957100000000000000000
958100000000000000000
959100000000000000000
960100000000000000000
961100000000000000000
962100000000000000000
963100000000000000000
964100000000000000000
965100000000000000000
966100000000000000000
967100000000000000000
968100000000000000000
969100000000000000000
970100000000000000000
971100000000000000000
972100000000000000000
973100000000000000000
974100000000000000000
975100000000000000000
976100000000000000000
977100000000000000000
978100000000000000000
979100000000000000000
980100000000000000000
981100000000000000000
982100000000000000000
983100000000000000000
984100000000000000000
985100000000000000000
986100000000000000000
987100000000000000000
988100000000000000000
989100000000000000000
990100000000000000000
991100000000000000000
992100000000000000000
993100000000000000000
994100000000000000000
995100000000000000000
996100000000000000000
997100000000000000000
998100000000000000000
999100000000000000000
